ΙΙ. INDEX OF NAMES.

Abraham 26, 25, 65, 12. Averroes 55, 16, 69, 7, 97, 21, 101, 27,
Adam 26, 25, 27, 1, 27, 3, 32, 12. 132, 29, 133, l.

Alexander 3, 22, 107, 19. Avincebron 24, 20.

Algazee 3, 22. Avincenna 3, 22.

Alipius 78, 14. chanaan 62, 14.

Andreas 115, 12. Egidius 43, 13.

Anshelmus 4, 13, 86, 14. Gregorius 22, 16.

Aram 62, 13. seronimus 37, 25.

Aristoteles (Philosophus) 14, 2; 20, 233 Joannes 115, 12, 118, 8.
31,17; 32,13; 43,12, 5ο,1ο, 52, 8, Levi 26, 24.
54, 3; 16, 55, 3, 7, 61, 4, 67, 6, Loth 62, 13, 62, 19.
77,1ο, 11[77,14], 81, 1, 22, 83, 7, Lucifer 95, 2, 8.

107, 5, 109, 1. Moyses 16, 7.
Athanasius 1, 17; 17, 4. Paulus 34, 8, 15, 16, 130, 32, 131, 7,
Augustinus 1, 1834,13;5,16; 16, 11, 14, 19, 23, 24, 33.

16, 17; 22, 16, 25, 24, 26, 22, 28, 1, Peohani 74, 14.

31, 6; 10, 32, 23, 34, 43 35, 13 69, Plato 77, 10, 18, 28.

24, 76, 9, 14, 78, 6, 13, 83, 21, Roma 34, 8, 130, 31, 131, 2, 8, 15.
89, 24, 94, 17, 21, 26, 101, 24, Saray 62, 13.

109, 6, 110, 13, 116, 18, 119, 5, Thomas 43, 13, 74, 20.

122, 15, 123, 8, 9, 124, 12, 27, Urso 71, 8.

127, 2. , Wilwarby 74, 14.

